{
 "cells": [
  {
   "cell_type": "code",
   "execution_count": 1,
   "metadata": {},
   "outputs": [],
   "source": [
    "import numpy as np\n",
    "import pandas as pd\n",
    "import matplotlib.pyplot as plt\n",
    "import seaborn as sns"
   ]
  },
  {
   "cell_type": "code",
   "execution_count": 2,
   "metadata": {},
   "outputs": [
    {
     "data": {
      "text/html": [
       "<div>\n",
       "<style scoped>\n",
       "    .dataframe tbody tr th:only-of-type {\n",
       "        vertical-align: middle;\n",
       "    }\n",
       "\n",
       "    .dataframe tbody tr th {\n",
       "        vertical-align: top;\n",
       "    }\n",
       "\n",
       "    .dataframe thead th {\n",
       "        text-align: right;\n",
       "    }\n",
       "</style>\n",
       "<table border=\"1\" class=\"dataframe\">\n",
       "  <thead>\n",
       "    <tr style=\"text-align: right;\">\n",
       "      <th></th>\n",
       "      <th>SUBDIVISION</th>\n",
       "      <th>YEAR</th>\n",
       "      <th>JAN</th>\n",
       "      <th>FEB</th>\n",
       "      <th>MAR</th>\n",
       "      <th>APR</th>\n",
       "      <th>MAY</th>\n",
       "      <th>JUN</th>\n",
       "      <th>JUL</th>\n",
       "      <th>AUG</th>\n",
       "      <th>SEP</th>\n",
       "      <th>OCT</th>\n",
       "      <th>NOV</th>\n",
       "      <th>DEC</th>\n",
       "      <th>ANNUAL</th>\n",
       "      <th>Jan-Feb</th>\n",
       "      <th>Mar-May</th>\n",
       "      <th>Jun-Sep</th>\n",
       "      <th>Oct-Dec</th>\n",
       "    </tr>\n",
       "  </thead>\n",
       "  <tbody>\n",
       "    <tr>\n",
       "      <th>0</th>\n",
       "      <td>ANDAMAN &amp; NICOBAR ISLANDS</td>\n",
       "      <td>1958.918182</td>\n",
       "      <td>52.637273</td>\n",
       "      <td>27.994545</td>\n",
       "      <td>31.742894</td>\n",
       "      <td>71.694135</td>\n",
       "      <td>354.590413</td>\n",
       "      <td>467.192444</td>\n",
       "      <td>399.082079</td>\n",
       "      <td>398.051154</td>\n",
       "      <td>432.878962</td>\n",
       "      <td>286.723764</td>\n",
       "      <td>230.219385</td>\n",
       "      <td>149.482834</td>\n",
       "      <td>2844.725031</td>\n",
       "      <td>80.632727</td>\n",
       "      <td>453.894593</td>\n",
       "      <td>1689.179766</td>\n",
       "      <td>661.199104</td>\n",
       "    </tr>\n",
       "    <tr>\n",
       "      <th>1</th>\n",
       "      <td>ARUNACHAL PRADESH</td>\n",
       "      <td>1965.824742</td>\n",
       "      <td>47.005746</td>\n",
       "      <td>90.402117</td>\n",
       "      <td>150.925963</td>\n",
       "      <td>263.836082</td>\n",
       "      <td>358.522680</td>\n",
       "      <td>643.073551</td>\n",
       "      <td>690.964065</td>\n",
       "      <td>495.229897</td>\n",
       "      <td>432.134021</td>\n",
       "      <td>192.641382</td>\n",
       "      <td>35.782807</td>\n",
       "      <td>24.385991</td>\n",
       "      <td>3294.660344</td>\n",
       "      <td>137.409771</td>\n",
       "      <td>764.866016</td>\n",
       "      <td>2246.541748</td>\n",
       "      <td>251.408262</td>\n",
       "    </tr>\n",
       "    <tr>\n",
       "      <th>2</th>\n",
       "      <td>ASSAM &amp; MEGHALAYA</td>\n",
       "      <td>1958.000000</td>\n",
       "      <td>16.974783</td>\n",
       "      <td>31.441739</td>\n",
       "      <td>79.026957</td>\n",
       "      <td>203.115652</td>\n",
       "      <td>341.539130</td>\n",
       "      <td>510.161739</td>\n",
       "      <td>495.102609</td>\n",
       "      <td>404.593043</td>\n",
       "      <td>310.734783</td>\n",
       "      <td>152.118261</td>\n",
       "      <td>26.938261</td>\n",
       "      <td>8.951304</td>\n",
       "      <td>2580.695652</td>\n",
       "      <td>48.413043</td>\n",
       "      <td>623.687826</td>\n",
       "      <td>1720.590435</td>\n",
       "      <td>188.015652</td>\n",
       "    </tr>\n",
       "    <tr>\n",
       "      <th>3</th>\n",
       "      <td>BIHAR</td>\n",
       "      <td>1958.000000</td>\n",
       "      <td>13.386087</td>\n",
       "      <td>14.393913</td>\n",
       "      <td>10.124348</td>\n",
       "      <td>16.918261</td>\n",
       "      <td>53.081739</td>\n",
       "      <td>174.315652</td>\n",
       "      <td>324.441739</td>\n",
       "      <td>299.643478</td>\n",
       "      <td>217.384348</td>\n",
       "      <td>63.074783</td>\n",
       "      <td>7.178261</td>\n",
       "      <td>3.694783</td>\n",
       "      <td>1197.633913</td>\n",
       "      <td>27.776522</td>\n",
       "      <td>80.126957</td>\n",
       "      <td>1015.786087</td>\n",
       "      <td>73.953913</td>\n",
       "    </tr>\n",
       "    <tr>\n",
       "      <th>4</th>\n",
       "      <td>CHHATTISGARH</td>\n",
       "      <td>1958.000000</td>\n",
       "      <td>14.206957</td>\n",
       "      <td>19.259130</td>\n",
       "      <td>15.266957</td>\n",
       "      <td>16.773043</td>\n",
       "      <td>21.048696</td>\n",
       "      <td>198.266087</td>\n",
       "      <td>398.577391</td>\n",
       "      <td>389.873043</td>\n",
       "      <td>217.780000</td>\n",
       "      <td>63.660000</td>\n",
       "      <td>11.772174</td>\n",
       "      <td>5.248696</td>\n",
       "      <td>1371.728696</td>\n",
       "      <td>33.462609</td>\n",
       "      <td>53.092174</td>\n",
       "      <td>1204.500870</td>\n",
       "      <td>80.674783</td>\n",
       "    </tr>\n",
       "  </tbody>\n",
       "</table>\n",
       "</div>"
      ],
      "text/plain": [
       "                 SUBDIVISION         YEAR        JAN        FEB         MAR  \\\n",
       "0  ANDAMAN & NICOBAR ISLANDS  1958.918182  52.637273  27.994545   31.742894   \n",
       "1          ARUNACHAL PRADESH  1965.824742  47.005746  90.402117  150.925963   \n",
       "2          ASSAM & MEGHALAYA  1958.000000  16.974783  31.441739   79.026957   \n",
       "3                      BIHAR  1958.000000  13.386087  14.393913   10.124348   \n",
       "4               CHHATTISGARH  1958.000000  14.206957  19.259130   15.266957   \n",
       "\n",
       "          APR         MAY         JUN         JUL         AUG         SEP  \\\n",
       "0   71.694135  354.590413  467.192444  399.082079  398.051154  432.878962   \n",
       "1  263.836082  358.522680  643.073551  690.964065  495.229897  432.134021   \n",
       "2  203.115652  341.539130  510.161739  495.102609  404.593043  310.734783   \n",
       "3   16.918261   53.081739  174.315652  324.441739  299.643478  217.384348   \n",
       "4   16.773043   21.048696  198.266087  398.577391  389.873043  217.780000   \n",
       "\n",
       "          OCT         NOV         DEC       ANNUAL     Jan-Feb     Mar-May  \\\n",
       "0  286.723764  230.219385  149.482834  2844.725031   80.632727  453.894593   \n",
       "1  192.641382   35.782807   24.385991  3294.660344  137.409771  764.866016   \n",
       "2  152.118261   26.938261    8.951304  2580.695652   48.413043  623.687826   \n",
       "3   63.074783    7.178261    3.694783  1197.633913   27.776522   80.126957   \n",
       "4   63.660000   11.772174    5.248696  1371.728696   33.462609   53.092174   \n",
       "\n",
       "       Jun-Sep     Oct-Dec  \n",
       "0  1689.179766  661.199104  \n",
       "1  2246.541748  251.408262  \n",
       "2  1720.590435  188.015652  \n",
       "3  1015.786087   73.953913  \n",
       "4  1204.500870   80.674783  "
      ]
     },
     "execution_count": 2,
     "metadata": {},
     "output_type": "execute_result"
    }
   ],
   "source": [
    "data=pd.read_csv('datarain.csv')\n",
    "data.head()"
   ]
  },
  {
   "cell_type": "code",
   "execution_count": 3,
   "metadata": {},
   "outputs": [
    {
     "data": {
      "text/plain": [
       "array([['ANDAMAN & NICOBAR ISLANDS'],\n",
       "       ['ARUNACHAL PRADESH'],\n",
       "       ['ASSAM & MEGHALAYA'],\n",
       "       ['BIHAR'],\n",
       "       ['CHHATTISGARH'],\n",
       "       ['COASTAL ANDHRA PRADESH'],\n",
       "       ['COASTAL KARNATAKA'],\n",
       "       ['EAST MADHYA PRADESH'],\n",
       "       ['EAST RAJASTHAN'],\n",
       "       ['EAST UTTAR PRADESH'],\n",
       "       ['GANGETIC WEST BENGAL'],\n",
       "       ['GUJARAT REGION'],\n",
       "       ['HARYANA DELHI & CHANDIGARH'],\n",
       "       ['HIMACHAL PRADESH'],\n",
       "       ['JAMMU & KASHMIR'],\n",
       "       ['JHARKHAND'],\n",
       "       ['KERALA'],\n",
       "       ['KONKAN & GOA'],\n",
       "       ['LAKSHADWEEP'],\n",
       "       ['MADHYA MAHARASHTRA'],\n",
       "       ['MATATHWADA'],\n",
       "       ['NAGA MANI MIZO TRIPURA'],\n",
       "       ['NORTH INTERIOR KARNATAKA'],\n",
       "       ['ORISSA'],\n",
       "       ['PUNJAB'],\n",
       "       ['RAYALSEEMA'],\n",
       "       ['SAURASHTRA & KUTCH'],\n",
       "       ['SOUTH INTERIOR KARNATAKA'],\n",
       "       ['SUB HIMALAYAN WEST BENGAL & SIKKIM'],\n",
       "       ['TAMIL NADU'],\n",
       "       ['TELANGANA'],\n",
       "       ['UTTARAKHAND'],\n",
       "       ['VIDARBHA'],\n",
       "       ['WEST MADHYA PRADESH'],\n",
       "       ['WEST RAJASTHAN'],\n",
       "       ['WEST UTTAR PRADESH']], dtype=object)"
      ]
     },
     "execution_count": 3,
     "metadata": {},
     "output_type": "execute_result"
    }
   ],
   "source": [
    "x=data.iloc[:,:1].values\n",
    "y=data.iloc[:,14].values\n",
    "x"
   ]
  },
  {
   "cell_type": "code",
   "execution_count": 4,
   "metadata": {},
   "outputs": [
    {
     "data": {
      "text/html": [
       "<div>\n",
       "<style scoped>\n",
       "    .dataframe tbody tr th:only-of-type {\n",
       "        vertical-align: middle;\n",
       "    }\n",
       "\n",
       "    .dataframe tbody tr th {\n",
       "        vertical-align: top;\n",
       "    }\n",
       "\n",
       "    .dataframe thead th {\n",
       "        text-align: right;\n",
       "    }\n",
       "</style>\n",
       "<table border=\"1\" class=\"dataframe\">\n",
       "  <thead>\n",
       "    <tr style=\"text-align: right;\">\n",
       "      <th></th>\n",
       "      <th>YEAR</th>\n",
       "      <th>JAN</th>\n",
       "      <th>FEB</th>\n",
       "      <th>MAR</th>\n",
       "      <th>APR</th>\n",
       "      <th>MAY</th>\n",
       "      <th>JUN</th>\n",
       "      <th>JUL</th>\n",
       "      <th>AUG</th>\n",
       "      <th>SEP</th>\n",
       "      <th>OCT</th>\n",
       "      <th>NOV</th>\n",
       "      <th>DEC</th>\n",
       "      <th>ANNUAL</th>\n",
       "      <th>Jan-Feb</th>\n",
       "      <th>Mar-May</th>\n",
       "      <th>Jun-Sep</th>\n",
       "      <th>Oct-Dec</th>\n",
       "    </tr>\n",
       "  </thead>\n",
       "  <tbody>\n",
       "    <tr>\n",
       "      <th>YEAR</th>\n",
       "      <td>1.000000</td>\n",
       "      <td>0.244237</td>\n",
       "      <td>0.438496</td>\n",
       "      <td>0.576181</td>\n",
       "      <td>0.632525</td>\n",
       "      <td>0.485257</td>\n",
       "      <td>0.350582</td>\n",
       "      <td>0.246497</td>\n",
       "      <td>0.239678</td>\n",
       "      <td>0.444645</td>\n",
       "      <td>0.273297</td>\n",
       "      <td>0.068353</td>\n",
       "      <td>0.132435</td>\n",
       "      <td>0.404772</td>\n",
       "      <td>0.356502</td>\n",
       "      <td>0.580692</td>\n",
       "      <td>0.316260</td>\n",
       "      <td>0.192070</td>\n",
       "    </tr>\n",
       "    <tr>\n",
       "      <th>JAN</th>\n",
       "      <td>0.244237</td>\n",
       "      <td>1.000000</td>\n",
       "      <td>0.924222</td>\n",
       "      <td>0.774185</td>\n",
       "      <td>0.361995</td>\n",
       "      <td>0.240220</td>\n",
       "      <td>-0.050090</td>\n",
       "      <td>-0.078925</td>\n",
       "      <td>0.014657</td>\n",
       "      <td>0.045189</td>\n",
       "      <td>0.004050</td>\n",
       "      <td>0.133883</td>\n",
       "      <td>0.546348</td>\n",
       "      <td>0.135142</td>\n",
       "      <td>0.977252</td>\n",
       "      <td>0.398385</td>\n",
       "      <td>-0.034686</td>\n",
       "      <td>0.158644</td>\n",
       "    </tr>\n",
       "    <tr>\n",
       "      <th>FEB</th>\n",
       "      <td>0.438496</td>\n",
       "      <td>0.924222</td>\n",
       "      <td>1.000000</td>\n",
       "      <td>0.930344</td>\n",
       "      <td>0.573309</td>\n",
       "      <td>0.336101</td>\n",
       "      <td>0.059123</td>\n",
       "      <td>0.028045</td>\n",
       "      <td>0.121900</td>\n",
       "      <td>0.153439</td>\n",
       "      <td>0.002256</td>\n",
       "      <td>-0.054680</td>\n",
       "      <td>0.301237</td>\n",
       "      <td>0.233913</td>\n",
       "      <td>0.984176</td>\n",
       "      <td>0.549454</td>\n",
       "      <td>0.078120</td>\n",
       "      <td>0.040272</td>\n",
       "    </tr>\n",
       "    <tr>\n",
       "      <th>MAR</th>\n",
       "      <td>0.576181</td>\n",
       "      <td>0.774185</td>\n",
       "      <td>0.930344</td>\n",
       "      <td>1.000000</td>\n",
       "      <td>0.822699</td>\n",
       "      <td>0.582895</td>\n",
       "      <td>0.275958</td>\n",
       "      <td>0.164035</td>\n",
       "      <td>0.232043</td>\n",
       "      <td>0.340656</td>\n",
       "      <td>0.205388</td>\n",
       "      <td>0.019697</td>\n",
       "      <td>0.264073</td>\n",
       "      <td>0.429510</td>\n",
       "      <td>0.875790</td>\n",
       "      <td>0.781723</td>\n",
       "      <td>0.248019</td>\n",
       "      <td>0.166239</td>\n",
       "    </tr>\n",
       "    <tr>\n",
       "      <th>APR</th>\n",
       "      <td>0.632525</td>\n",
       "      <td>0.361995</td>\n",
       "      <td>0.573309</td>\n",
       "      <td>0.822699</td>\n",
       "      <td>1.000000</td>\n",
       "      <td>0.881998</td>\n",
       "      <td>0.573962</td>\n",
       "      <td>0.343132</td>\n",
       "      <td>0.379587</td>\n",
       "      <td>0.610761</td>\n",
       "      <td>0.553274</td>\n",
       "      <td>0.223711</td>\n",
       "      <td>0.230161</td>\n",
       "      <td>0.670679</td>\n",
       "      <td>0.485949</td>\n",
       "      <td>0.973640</td>\n",
       "      <td>0.480015</td>\n",
       "      <td>0.415847</td>\n",
       "    </tr>\n",
       "    <tr>\n",
       "      <th>MAY</th>\n",
       "      <td>0.485257</td>\n",
       "      <td>0.240220</td>\n",
       "      <td>0.336101</td>\n",
       "      <td>0.582895</td>\n",
       "      <td>0.881998</td>\n",
       "      <td>1.000000</td>\n",
       "      <td>0.710813</td>\n",
       "      <td>0.429049</td>\n",
       "      <td>0.475600</td>\n",
       "      <td>0.775735</td>\n",
       "      <td>0.770860</td>\n",
       "      <td>0.495324</td>\n",
       "      <td>0.458528</td>\n",
       "      <td>0.794343</td>\n",
       "      <td>0.297599</td>\n",
       "      <td>0.957184</td>\n",
       "      <td>0.600517</td>\n",
       "      <td>0.673266</td>\n",
       "    </tr>\n",
       "    <tr>\n",
       "      <th>JUN</th>\n",
       "      <td>0.350582</td>\n",
       "      <td>-0.050090</td>\n",
       "      <td>0.059123</td>\n",
       "      <td>0.275958</td>\n",
       "      <td>0.573962</td>\n",
       "      <td>0.710813</td>\n",
       "      <td>1.000000</td>\n",
       "      <td>0.920171</td>\n",
       "      <td>0.875319</td>\n",
       "      <td>0.833761</td>\n",
       "      <td>0.693490</td>\n",
       "      <td>0.322266</td>\n",
       "      <td>0.152197</td>\n",
       "      <td>0.969034</td>\n",
       "      <td>0.009309</td>\n",
       "      <td>0.637164</td>\n",
       "      <td>0.967491</td>\n",
       "      <td>0.509644</td>\n",
       "    </tr>\n",
       "    <tr>\n",
       "      <th>JUL</th>\n",
       "      <td>0.246497</td>\n",
       "      <td>-0.078925</td>\n",
       "      <td>0.028045</td>\n",
       "      <td>0.164035</td>\n",
       "      <td>0.343132</td>\n",
       "      <td>0.429049</td>\n",
       "      <td>0.920171</td>\n",
       "      <td>1.000000</td>\n",
       "      <td>0.956920</td>\n",
       "      <td>0.728656</td>\n",
       "      <td>0.432845</td>\n",
       "      <td>0.076740</td>\n",
       "      <td>-0.049320</td>\n",
       "      <td>0.874759</td>\n",
       "      <td>-0.020938</td>\n",
       "      <td>0.383037</td>\n",
       "      <td>0.973640</td>\n",
       "      <td>0.243847</td>\n",
       "    </tr>\n",
       "    <tr>\n",
       "      <th>AUG</th>\n",
       "      <td>0.239678</td>\n",
       "      <td>0.014657</td>\n",
       "      <td>0.121900</td>\n",
       "      <td>0.232043</td>\n",
       "      <td>0.379587</td>\n",
       "      <td>0.475600</td>\n",
       "      <td>0.875319</td>\n",
       "      <td>0.956920</td>\n",
       "      <td>1.000000</td>\n",
       "      <td>0.814856</td>\n",
       "      <td>0.404093</td>\n",
       "      <td>0.037290</td>\n",
       "      <td>-0.016068</td>\n",
       "      <td>0.881687</td>\n",
       "      <td>0.074728</td>\n",
       "      <td>0.434059</td>\n",
       "      <td>0.966268</td>\n",
       "      <td>0.220347</td>\n",
       "    </tr>\n",
       "    <tr>\n",
       "      <th>SEP</th>\n",
       "      <td>0.444645</td>\n",
       "      <td>0.045189</td>\n",
       "      <td>0.153439</td>\n",
       "      <td>0.340656</td>\n",
       "      <td>0.610761</td>\n",
       "      <td>0.775735</td>\n",
       "      <td>0.833761</td>\n",
       "      <td>0.728656</td>\n",
       "      <td>0.814856</td>\n",
       "      <td>1.000000</td>\n",
       "      <td>0.653772</td>\n",
       "      <td>0.279593</td>\n",
       "      <td>0.229261</td>\n",
       "      <td>0.895435</td>\n",
       "      <td>0.106192</td>\n",
       "      <td>0.697037</td>\n",
       "      <td>0.856164</td>\n",
       "      <td>0.486918</td>\n",
       "    </tr>\n",
       "    <tr>\n",
       "      <th>OCT</th>\n",
       "      <td>0.273297</td>\n",
       "      <td>0.004050</td>\n",
       "      <td>0.002256</td>\n",
       "      <td>0.205388</td>\n",
       "      <td>0.553274</td>\n",
       "      <td>0.770860</td>\n",
       "      <td>0.693490</td>\n",
       "      <td>0.432845</td>\n",
       "      <td>0.404093</td>\n",
       "      <td>0.653772</td>\n",
       "      <td>1.000000</td>\n",
       "      <td>0.824760</td>\n",
       "      <td>0.561577</td>\n",
       "      <td>0.729519</td>\n",
       "      <td>0.002681</td>\n",
       "      <td>0.651043</td>\n",
       "      <td>0.562794</td>\n",
       "      <td>0.935364</td>\n",
       "    </tr>\n",
       "    <tr>\n",
       "      <th>NOV</th>\n",
       "      <td>0.068353</td>\n",
       "      <td>0.133883</td>\n",
       "      <td>-0.054680</td>\n",
       "      <td>0.019697</td>\n",
       "      <td>0.223711</td>\n",
       "      <td>0.495324</td>\n",
       "      <td>0.322266</td>\n",
       "      <td>0.076740</td>\n",
       "      <td>0.037290</td>\n",
       "      <td>0.279593</td>\n",
       "      <td>0.824760</td>\n",
       "      <td>1.000000</td>\n",
       "      <td>0.847394</td>\n",
       "      <td>0.376274</td>\n",
       "      <td>0.031353</td>\n",
       "      <td>0.354609</td>\n",
       "      <td>0.179508</td>\n",
       "      <td>0.964765</td>\n",
       "    </tr>\n",
       "    <tr>\n",
       "      <th>DEC</th>\n",
       "      <td>0.132435</td>\n",
       "      <td>0.546348</td>\n",
       "      <td>0.301237</td>\n",
       "      <td>0.264073</td>\n",
       "      <td>0.230161</td>\n",
       "      <td>0.458528</td>\n",
       "      <td>0.152197</td>\n",
       "      <td>-0.049320</td>\n",
       "      <td>-0.016068</td>\n",
       "      <td>0.229261</td>\n",
       "      <td>0.561577</td>\n",
       "      <td>0.847394</td>\n",
       "      <td>1.000000</td>\n",
       "      <td>0.281615</td>\n",
       "      <td>0.420557</td>\n",
       "      <td>0.381826</td>\n",
       "      <td>0.060394</td>\n",
       "      <td>0.800347</td>\n",
       "    </tr>\n",
       "    <tr>\n",
       "      <th>ANNUAL</th>\n",
       "      <td>0.404772</td>\n",
       "      <td>0.135142</td>\n",
       "      <td>0.233913</td>\n",
       "      <td>0.429510</td>\n",
       "      <td>0.670679</td>\n",
       "      <td>0.794343</td>\n",
       "      <td>0.969034</td>\n",
       "      <td>0.874759</td>\n",
       "      <td>0.881687</td>\n",
       "      <td>0.895435</td>\n",
       "      <td>0.729519</td>\n",
       "      <td>0.376274</td>\n",
       "      <td>0.281615</td>\n",
       "      <td>1.000000</td>\n",
       "      <td>0.192452</td>\n",
       "      <td>0.744387</td>\n",
       "      <td>0.951674</td>\n",
       "      <td>0.573496</td>\n",
       "    </tr>\n",
       "    <tr>\n",
       "      <th>Jan-Feb</th>\n",
       "      <td>0.356502</td>\n",
       "      <td>0.977252</td>\n",
       "      <td>0.984176</td>\n",
       "      <td>0.875790</td>\n",
       "      <td>0.485949</td>\n",
       "      <td>0.297599</td>\n",
       "      <td>0.009309</td>\n",
       "      <td>-0.020938</td>\n",
       "      <td>0.074728</td>\n",
       "      <td>0.106192</td>\n",
       "      <td>0.002681</td>\n",
       "      <td>0.031353</td>\n",
       "      <td>0.420557</td>\n",
       "      <td>0.192452</td>\n",
       "      <td>1.000000</td>\n",
       "      <td>0.489550</td>\n",
       "      <td>0.027289</td>\n",
       "      <td>0.095541</td>\n",
       "    </tr>\n",
       "    <tr>\n",
       "      <th>Mar-May</th>\n",
       "      <td>0.580692</td>\n",
       "      <td>0.398385</td>\n",
       "      <td>0.549454</td>\n",
       "      <td>0.781723</td>\n",
       "      <td>0.973640</td>\n",
       "      <td>0.957184</td>\n",
       "      <td>0.637164</td>\n",
       "      <td>0.383037</td>\n",
       "      <td>0.434059</td>\n",
       "      <td>0.697037</td>\n",
       "      <td>0.651043</td>\n",
       "      <td>0.354609</td>\n",
       "      <td>0.381826</td>\n",
       "      <td>0.744387</td>\n",
       "      <td>0.489550</td>\n",
       "      <td>1.000000</td>\n",
       "      <td>0.539489</td>\n",
       "      <td>0.544351</td>\n",
       "    </tr>\n",
       "    <tr>\n",
       "      <th>Jun-Sep</th>\n",
       "      <td>0.316260</td>\n",
       "      <td>-0.034686</td>\n",
       "      <td>0.078120</td>\n",
       "      <td>0.248019</td>\n",
       "      <td>0.480015</td>\n",
       "      <td>0.600517</td>\n",
       "      <td>0.967491</td>\n",
       "      <td>0.973640</td>\n",
       "      <td>0.966268</td>\n",
       "      <td>0.856164</td>\n",
       "      <td>0.562794</td>\n",
       "      <td>0.179508</td>\n",
       "      <td>0.060394</td>\n",
       "      <td>0.951674</td>\n",
       "      <td>0.027289</td>\n",
       "      <td>0.539489</td>\n",
       "      <td>1.000000</td>\n",
       "      <td>0.370614</td>\n",
       "    </tr>\n",
       "    <tr>\n",
       "      <th>Oct-Dec</th>\n",
       "      <td>0.192070</td>\n",
       "      <td>0.158644</td>\n",
       "      <td>0.040272</td>\n",
       "      <td>0.166239</td>\n",
       "      <td>0.415847</td>\n",
       "      <td>0.673266</td>\n",
       "      <td>0.509644</td>\n",
       "      <td>0.243847</td>\n",
       "      <td>0.220347</td>\n",
       "      <td>0.486918</td>\n",
       "      <td>0.935364</td>\n",
       "      <td>0.964765</td>\n",
       "      <td>0.800347</td>\n",
       "      <td>0.573496</td>\n",
       "      <td>0.095541</td>\n",
       "      <td>0.544351</td>\n",
       "      <td>0.370614</td>\n",
       "      <td>1.000000</td>\n",
       "    </tr>\n",
       "  </tbody>\n",
       "</table>\n",
       "</div>"
      ],
      "text/plain": [
       "             YEAR       JAN       FEB       MAR       APR       MAY       JUN  \\\n",
       "YEAR     1.000000  0.244237  0.438496  0.576181  0.632525  0.485257  0.350582   \n",
       "JAN      0.244237  1.000000  0.924222  0.774185  0.361995  0.240220 -0.050090   \n",
       "FEB      0.438496  0.924222  1.000000  0.930344  0.573309  0.336101  0.059123   \n",
       "MAR      0.576181  0.774185  0.930344  1.000000  0.822699  0.582895  0.275958   \n",
       "APR      0.632525  0.361995  0.573309  0.822699  1.000000  0.881998  0.573962   \n",
       "MAY      0.485257  0.240220  0.336101  0.582895  0.881998  1.000000  0.710813   \n",
       "JUN      0.350582 -0.050090  0.059123  0.275958  0.573962  0.710813  1.000000   \n",
       "JUL      0.246497 -0.078925  0.028045  0.164035  0.343132  0.429049  0.920171   \n",
       "AUG      0.239678  0.014657  0.121900  0.232043  0.379587  0.475600  0.875319   \n",
       "SEP      0.444645  0.045189  0.153439  0.340656  0.610761  0.775735  0.833761   \n",
       "OCT      0.273297  0.004050  0.002256  0.205388  0.553274  0.770860  0.693490   \n",
       "NOV      0.068353  0.133883 -0.054680  0.019697  0.223711  0.495324  0.322266   \n",
       "DEC      0.132435  0.546348  0.301237  0.264073  0.230161  0.458528  0.152197   \n",
       "ANNUAL   0.404772  0.135142  0.233913  0.429510  0.670679  0.794343  0.969034   \n",
       "Jan-Feb  0.356502  0.977252  0.984176  0.875790  0.485949  0.297599  0.009309   \n",
       "Mar-May  0.580692  0.398385  0.549454  0.781723  0.973640  0.957184  0.637164   \n",
       "Jun-Sep  0.316260 -0.034686  0.078120  0.248019  0.480015  0.600517  0.967491   \n",
       "Oct-Dec  0.192070  0.158644  0.040272  0.166239  0.415847  0.673266  0.509644   \n",
       "\n",
       "              JUL       AUG       SEP       OCT       NOV       DEC    ANNUAL  \\\n",
       "YEAR     0.246497  0.239678  0.444645  0.273297  0.068353  0.132435  0.404772   \n",
       "JAN     -0.078925  0.014657  0.045189  0.004050  0.133883  0.546348  0.135142   \n",
       "FEB      0.028045  0.121900  0.153439  0.002256 -0.054680  0.301237  0.233913   \n",
       "MAR      0.164035  0.232043  0.340656  0.205388  0.019697  0.264073  0.429510   \n",
       "APR      0.343132  0.379587  0.610761  0.553274  0.223711  0.230161  0.670679   \n",
       "MAY      0.429049  0.475600  0.775735  0.770860  0.495324  0.458528  0.794343   \n",
       "JUN      0.920171  0.875319  0.833761  0.693490  0.322266  0.152197  0.969034   \n",
       "JUL      1.000000  0.956920  0.728656  0.432845  0.076740 -0.049320  0.874759   \n",
       "AUG      0.956920  1.000000  0.814856  0.404093  0.037290 -0.016068  0.881687   \n",
       "SEP      0.728656  0.814856  1.000000  0.653772  0.279593  0.229261  0.895435   \n",
       "OCT      0.432845  0.404093  0.653772  1.000000  0.824760  0.561577  0.729519   \n",
       "NOV      0.076740  0.037290  0.279593  0.824760  1.000000  0.847394  0.376274   \n",
       "DEC     -0.049320 -0.016068  0.229261  0.561577  0.847394  1.000000  0.281615   \n",
       "ANNUAL   0.874759  0.881687  0.895435  0.729519  0.376274  0.281615  1.000000   \n",
       "Jan-Feb -0.020938  0.074728  0.106192  0.002681  0.031353  0.420557  0.192452   \n",
       "Mar-May  0.383037  0.434059  0.697037  0.651043  0.354609  0.381826  0.744387   \n",
       "Jun-Sep  0.973640  0.966268  0.856164  0.562794  0.179508  0.060394  0.951674   \n",
       "Oct-Dec  0.243847  0.220347  0.486918  0.935364  0.964765  0.800347  0.573496   \n",
       "\n",
       "          Jan-Feb   Mar-May   Jun-Sep   Oct-Dec  \n",
       "YEAR     0.356502  0.580692  0.316260  0.192070  \n",
       "JAN      0.977252  0.398385 -0.034686  0.158644  \n",
       "FEB      0.984176  0.549454  0.078120  0.040272  \n",
       "MAR      0.875790  0.781723  0.248019  0.166239  \n",
       "APR      0.485949  0.973640  0.480015  0.415847  \n",
       "MAY      0.297599  0.957184  0.600517  0.673266  \n",
       "JUN      0.009309  0.637164  0.967491  0.509644  \n",
       "JUL     -0.020938  0.383037  0.973640  0.243847  \n",
       "AUG      0.074728  0.434059  0.966268  0.220347  \n",
       "SEP      0.106192  0.697037  0.856164  0.486918  \n",
       "OCT      0.002681  0.651043  0.562794  0.935364  \n",
       "NOV      0.031353  0.354609  0.179508  0.964765  \n",
       "DEC      0.420557  0.381826  0.060394  0.800347  \n",
       "ANNUAL   0.192452  0.744387  0.951674  0.573496  \n",
       "Jan-Feb  1.000000  0.489550  0.027289  0.095541  \n",
       "Mar-May  0.489550  1.000000  0.539489  0.544351  \n",
       "Jun-Sep  0.027289  0.539489  1.000000  0.370614  \n",
       "Oct-Dec  0.095541  0.544351  0.370614  1.000000  "
      ]
     },
     "execution_count": 4,
     "metadata": {},
     "output_type": "execute_result"
    }
   ],
   "source": [
    "data.corr()"
   ]
  },
  {
   "cell_type": "code",
   "execution_count": 5,
   "metadata": {},
   "outputs": [
    {
     "data": {
      "text/plain": [
       "<matplotlib.axes._subplots.AxesSubplot at 0x20522376608>"
      ]
     },
     "execution_count": 5,
     "metadata": {},
     "output_type": "execute_result"
    },
    {
     "data": {
